Find Hero : 11
0 : 1 : [78, 193, 226, 0]
1 : 1 : [97, 229, 247, 0]
2 : 1 : [110, 251, 245, 0]
3 : 1 : [104, 244, 247, 0]
4 : 1 : [86, 223, 255, 0]
5 : 1 : [86, 223, 255, 0]
6 : 1 : [86, 223, 255, 0]
7 : 1 : [86, 222, 255, 0]
8 : 1 : [86, 222, 255, 0]
9 : 1 : [86, 222, 255, 0]
10 : 1 : [86, 222, 255, 0]
11 : 1 : [86, 222, 255, 0]
12 : 1 : [86, 222, 255, 0]
13 : 1 : [86, 222, 255, 0]
14 : 1 : [86, 222, 255, 0]
15 : 1 : [86, 222, 255, 0]
16 : 1 : [86, 222, 255, 0]
17 : 1 : [85, 221, 255, 0]
18 : 1 : [85, 221, 255, 0]
19 : 1 : [85, 221, 255, 0]
20 : 1 : [85, 221, 255, 0]
21 : 1 : [85, 221, 255, 0]
22 : 1 : [85, 221, 255, 0]
23 : 1 : [85, 221, 255, 0]
24 : 1 : [85, 221, 255, 0]
25 : 1 : [85, 221, 255, 0]
26 : 1 : [84, 221, 255, 0]
27 : 1 : [79, 210, 243, 0]
28 : 1 : [54, 153, 178, 0]
29 : 1 : [30, 96, 113, 0]
30 : 1 : [53, 111, 126, 0]
31 : 1 : [49, 89, 100, 0]
32 : 1 : [49, 89, 100, 0]
33 : 1 : [60, 102, 113, 0]
34 : 1 : [49, 89, 100, 0]
35 : 1 : [49, 89, 100, 0]
36 : 1 : [49, 89, 100, 0]
37 : 1 : [49, 89, 100, 0]
38 : 1 : [49, 89, 100, 0]
39 : 1 : [49, 89, 100, 0]
0 : 2 : [66, 175, 211, 0]
1 : 2 : [77, 192, 223, 0]
2 : 2 : [97, 229, 247, 0]
3 : 2 : [110, 251, 245, 0]
4 : 2 : [104, 244, 247, 0]
5 : 2 : [86, 223, 255, 0]
6 : 2 : [86, 223, 255, 0]
7 : 2 : [86, 223, 255, 0]
8 : 2 : [86, 222, 255, 0]
9 : 2 : [86, 222, 255, 0]
10 : 2 : [86, 222, 255, 0]
11 : 2 : [86, 222, 255, 0]
12 : 2 : [86, 222, 255, 0]
13 : 2 : [86, 222, 255, 0]
14 : 2 : [86, 222, 255, 0]
15 : 2 : [86, 222, 255, 0]
16 : 2 : [86, 222, 255, 0]
17 : 2 : [86, 222, 255, 0]
18 : 2 : [85, 221, 255, 0]
19 : 2 : [85, 221, 255, 0]
20 : 2 : [85, 221, 255, 0]
21 : 2 : [85, 221, 255, 0]
22 : 2 : [85, 221, 255, 0]
23 : 2 : [85, 221, 255, 0]
24 : 2 : [85, 221, 255, 0]
25 : 2 : [85, 221, 255, 0]
26 : 2 : [85, 221, 255, 0]
27 : 2 : [84, 221, 255, 0]
28 : 2 : [79, 210, 243, 0]
29 : 2 : [54, 153, 178, 0]
30 : 2 : [30, 96, 113, 0]
31 : 2 : [53, 111, 126, 0]
32 : 2 : [49, 89, 100, 0]
33 : 2 : [49, 89, 100, 0]
34 : 2 : [60, 102, 113, 0]
35 : 2 : [49, 89, 100, 0]
36 : 2 : [49, 89, 100, 0]
37 : 2 : [49, 89, 100, 0]
38 : 2 : [49, 89, 100, 0]
39 : 2 : [49, 89, 100, 0]
0 : 3 : [110, 251, 245, 0]
1 : 3 : [110, 251, 245, 0]
2 : 3 : [86, 223, 255, 0]
3 : 3 : [86, 223, 255, 0]
4 : 3 : [86, 223, 255, 0]
5 : 3 : [86, 223, 255, 0]
6 : 3 : [86, 222, 255, 0]
7 : 3 : [86, 222, 255, 0]
8 : 3 : [86, 222, 255, 0]
9 : 3 : [86, 222, 255, 0]
10 : 3 : [86, 222, 255, 0]
11 : 3 : [86, 222, 255, 0]
12 : 3 : [86, 222, 255, 0]
13 : 3 : [86, 222, 255, 0]
14 : 3 : [86, 222, 255, 0]
15 : 3 : [85, 221, 255, 0]
16 : 3 : [85, 221, 255, 0]
17 : 3 : [85, 221, 255, 0]
18 : 3 : [85, 221, 255, 0]
19 : 3 : [85, 221, 255, 0]
20 : 3 : [85, 221, 255, 0]
21 : 3 : [85, 221, 255, 0]
22 : 3 : [85, 221, 255, 0]
23 : 3 : [85, 221, 255, 0]
24 : 3 : [84, 221, 255, 0]
25 : 3 : [79, 210, 243, 0]
26 : 3 : [54, 153, 178, 0]
27 : 3 : [30, 96, 113, 0]
28 : 3 : [53, 111, 126, 0]
29 : 3 : [49, 89, 100, 0]
30 : 3 : [49, 89, 100, 0]
31 : 3 : [60, 102, 113, 0]
32 : 3 : [49, 89, 100, 0]
33 : 3 : [49, 89, 100, 0]
34 : 3 : [49, 89, 100, 0]
35 : 3 : [49, 89, 100, 0]
36 : 3 : [49, 89, 100, 0]
37 : 3 : [49, 89, 100, 0]
38 : 3 : [49, 89, 100, 0]
39 : 3 : [49, 89, 100, 0]
0 : 4 : [98, 237, 250, 0]
1 : 4 : [86, 223, 255, 0]
2 : 4 : [86, 223, 255, 0]
3 : 4 : [86, 223, 255, 0]
4 : 4 : [86, 222, 255, 0]
5 : 4 : [86, 222, 255, 0]
6 : 4 : [86, 222, 255, 0]
7 : 4 : [86, 222, 255, 0]
8 : 4 : [86, 222, 255, 0]
9 : 4 : [86, 222, 255, 0]
10 : 4 : [86, 222, 255, 0]
11 : 4 : [86, 222, 255, 0]
12 : 4 : [86, 222, 255, 0]
13 : 4 : [86, 222, 255, 0]
14 : 4 : [85, 221, 255, 0]
15 : 4 : [85, 221, 255, 0]
16 : 4 : [85, 221, 255, 0]
17 : 4 : [85, 221, 255, 0]
18 : 4 : [85, 221, 255, 0]
19 : 4 : [85, 221, 255, 0]
20 : 4 : [85, 221, 255, 0]
21 : 4 : [85, 221, 255, 0]
22 : 4 : [85, 221, 255, 0]
23 : 4 : [84, 221, 255, 0]
24 : 4 : [79, 210, 243, 0]
25 : 4 : [54, 153, 178, 0]
26 : 4 : [30, 96, 113, 0]
27 : 4 : [53, 111, 126, 0]
28 : 4 : [49, 89, 100, 0]
29 : 4 : [49, 89, 100, 0]
30 : 4 : [60, 102, 113, 0]
31 : 4 : [49, 89, 100, 0]
32 : 4 : [49, 89, 100, 0]
33 : 4 : [49, 89, 100, 0]
34 : 4 : [49, 89, 100, 0]
35 : 4 : [49, 89, 100, 0]
36 : 4 : [49, 89, 100, 0]
37 : 4 : [49, 89, 100, 0]
38 : 4 : [49, 89, 100, 0]
39 : 4 : [49, 89, 100, 0]